1.001590572304171367e+01 1.104415075665640692e-25 1.252052058138715118e+00
1.098593354057534199e+01 1.103458893909250215e-25 1.250789243333138900e+00
1.206066720668327896e+01 1.102448172752691755e-25 1.250095581241019493e+00
1.323866895990204640e+01 1.101382476857290240e-25 1.249602517452300665e+00
1.450649891801598201e+01 1.100269420347521977e-25 1.247857642907210129e+00
1.591163172590599117e+01 1.099060286782287666e-25 1.246402065325199482e+00
1.745723960338020575e+01 1.097734039684888767e-25 1.245780748725946907e+00
1.915135914419326824e+01 1.096277818906433336e-25 1.244877756761334275e+00
2.102224614693595939e+01 1.094652463365539209e-25 1.243685519244589033e+00
2.306533428192170021e+01 1.092842229804726100e-25 1.243233094081043877e+00
2.529169241364675358e+01 1.090816936990779449e-25 1.241110606227846080e+00
2.774799384715906214e+01 1.088524576811923276e-25 1.240126612648890569e+00
3.043488138680778121e+01 1.085940958885216067e-25 1.238861655925292071e+00
3.339871710939812033e+01 1.083002926115265906e-25 1.237394808347981989e+00
3.664416408509473655e+01 1.079689306177471820e-25 1.236612606424992489e+00
4.016431161537133931e+01 1.075992570475107812e-25 1.234631355839596045e+00
4.407368941860158174e+01 1.071791327376876734e-25 1.233452707124482295e+00
4.837897114851499936e+01 1.067028239279915394e-25 1.232499502253171508e+00
5.304901875864261029e+01 1.061665670379744179e-25 1.231178476039549885e+00
5.815287975627728656e+01 1.055537003460545677e-25 1.229193099633856923e+00
6.386525291910940894e+01 1.048292997746552256e-25 1.228352091483857711e+00
7.011210211201596110e+01 1.039814619750136200e-25 1.227259459382405771e+00
7.687107300831702617e+01 1.029905703758770505e-25 1.225244923981156919e+00
8.425667224758754514e+01 1.018343167380418952e-25 1.223044462783487552e+00
9.252427117456768713e+01 1.004275728247463716e-25 1.221616597216124145e+00
1.015833539321448882e+02 9.872644905428040923e-26 1.220486630083546631e+00
1.113553151866450577e+02 9.673493776162588930e-26 1.217859060053258613e+00
1.220901421218150773e+02 9.440541353452297343e-26 1.215597882291444831e+00
1.339377298658597510e+02 9.169052192819328150e-26 1.213799522690109045e+00
1.469473239234977484e+02 8.857624382129788250e-26 1.212176827484739317e+00
1.611876091132382101e+02 8.505791426887283259e-26 1.210295438046666838e+00
1.768295381939780668e+02 8.113597201123788346e-26 1.208485994485209547e+00
1.949322868107988995e+02 7.663781899937681427e-26 1.206571149609737104e+00
2.139356056043534409e+02 7.198266168829639116e-26 1.204652729537710520e+00
2.335958014283489206e+02 6.727384343175304208e-26 1.196794508392030165e+00
2.562005847246995245e+02 6.203933546632208631e-26 1.194267743719374275e+00
2.810824616999541377e+02 5.655025226957177162e-26 1.191999766512058079e+00
3.083644169519481579e+02 5.096310388635335134e-26 1.189634266067432167e+00
3.383085240933944533e+02 4.521251875225599209e-26 1.187166503874539814e+00
3.709225757541520920e+02 3.938290449032628634e-26 1.184662893173024756e+00
4.066705794642464866e+02 3.347384370103736387e-26 1.182015158695641555e+00
4.465693217483247963e+02 2.742632302013236707e-26 1.180373205379241508e+00
4.902170237401499548e+02 2.150034861082773659e-26 1.177984153131806710e+00
5.373439208954041533e+02 1.570311343428456048e-26 1.174963544735589727e+00
5.892528068782647779e+02 9.902431927328700940e-27 1.171945362913236588e+00
6.469259092186451880e+02 4.049989451217693693e-27 1.169927212539199068e+00
7.093904758730835738e+02 1.707994975698552723e-27 1.166838054804928859e+00
7.784984523031563413e+02 7.419961792451098547e-27 1.164023340824174690e+00
8.539841045507413355e+02 1.311065358760467516e-26 1.161067491521505790e+00
9.364037987988026543e+02 1.879170155267255676e-26 1.157789480928533843e+00
1.027360531375225264e+03 2.451136989279375111e-26 1.154909762928820971e+00
1.128043698517987650e+03 2.932392255410669905e-26 1.152057411945825338e+00
1.236965059189231170e+03 1.734706027743803400e-26 1.148317425478842857e+00
1.356388588902312904e+03 1.214841009922153959e-26 1.144617461946831227e+00
1.487992473905712814e+03 1.207496151617192976e-26 1.141315767042461848e+00
1.632473365353821691e+03 1.483578088824867974e-26 1.137936451984866926e+00
1.791055749844286538e+03 1.751576890126436069e-26 1.134377062654272406e+00
1.963551321934135785e+03 2.009568916089389356e-26 1.130613766138987675e+00
2.154015220413095449e+03 2.273805095780790598e-26 1.127226882386833662e+00
2.364475162877394268e+03 2.550630642362033249e-26 1.123938835756712606e+00
2.594246312345958358e+03 2.847584146937957636e-26 1.119835861819324263e+00
2.843801131968923528e+03 3.177914679875539186e-26 1.115398908068125472e+00
3.118837510622566242e+03 3.587935995524886322e-26 1.111570024076222962e+00
3.422393039491747459e+03 4.130730618618345506e-26 1.107892327805137134e+00
3.773088417166954969e+03 4.887368818257955516e-26 1.103500424750952336e+00
4.116748277318483815e+03 5.789739324155415729e-26 1.093505204225229566e+00
4.515057363679453374e+03 7.064370113588712092e-26 1.089324974790171208e+00
4.952682061772737143e+03 8.877120417271699284e-26 1.085236879891256390e+00
5.432533120682762274e+03 1.141439986875395316e-25 1.081014312363065555e+00
5.956372491319986693e+03 1.487230205207680377e-25 1.076870839351203202e+00
6.538339877091790186e+03 1.972597169321023722e-25 1.073011749407387860e+00
7.169290453729593537e+03 2.649876755962190411e-25 1.068023183417449173e+00
7.864149395401715992e+03 3.690946646874022900e-25 1.063551421375051209e+00
8.628064252985202984e+03 5.446126687905373324e-25 1.058527903278940308e+00
9.458910576533566200e+03 8.637082774398545783e-25 1.053430497942971833e+00
1.037651256676277262e+04 1.531801618517647220e-24 1.043654975407911412e+00
1.139582606834021499e+04 3.043298909162922518e-24 1.037861691463259017e+00
1.247959368561955853e+04 6.324700260307934265e-24 1.021594481010413835e+00
1.364803504905543559e+04 1.386292368085606107e-23 9.940771784836306413e-01
1.468907162828009859e+04 2.603250577497841640e-23 9.418625186368280167e-01
1.568247316809866243e+04 4.428441538131299623e-23 8.732958670609840546e-01
1.678512253665983008e+04 5.914841495363595073e-23 8.102964161878933869e-01
1.791884730168657188e+04 7.243453071819953955e-23 7.512439270692430338e-01
1.963511676762961724e+04 7.153843236601545793e-23 7.145425131997434898e-01
2.200783874833619484e+04 6.314890562766974496e-23 6.945328810804948239e-01
2.444780888305437475e+04 5.636073089388496579e-23 6.818729009193803536e-01
2.731048468175460221e+04 5.329902854217335068e-23 6.728909800121850582e-01
3.008731879576314896e+04 5.354107277963199157e-23 6.654619974491385870e-01
3.324816453671219642e+04 5.588585225776897617e-23 6.599879760046324373e-01
3.664818446939111163e+04 6.016872891647824984e-23 6.567362061992132460e-01
4.047478838853815250e+04 6.700563323827927975e-23 6.546375677886258071e-01
4.477852791329081811e+04 7.718531188884840852e-23 6.540316668466261696e-01
4.943258787315650261e+04 9.171766083893075539e-23 6.535215202296814629e-01
5.441689475200436573e+04 1.107726717155455594e-22 6.527266205688256884e-01
5.974582259759135195e+04 1.350737744145947244e-22 6.510903873951625620e-01
6.533209098813124729e+04 1.640985154118834044e-22 6.482961274306592303e-01
7.127864883169191307e+04 1.972090400084666442e-22 6.442907033050385701e-01
7.763467792193489731e+04 2.264719026619889023e-22 6.391186067156255923e-01
8.467483197268338699e+04 2.496987313571474639e-22 6.345079018044702535e-01
9.265336795671311847e+04 2.667986038896195746e-22 6.309628709081321896e-01
1.018164978990168311e+05 2.761681703076860280e-22 6.286775901107634068e-01
1.122531495407759212e+05 2.738852905536120710e-22 6.274217488940627696e-01
1.239864441017839708e+05 2.615619394086251693e-22 6.268119679409938083e-01
1.368585177595793502e+05 2.547493215342430976e-22 6.264914118621900396e-01
1.507601749585123034e+05 2.544865907538515415e-22 6.263060565127230861e-01
1.658324849387789727e+05 2.572794472562909274e-22 6.262397709541799307e-01
1.822048671772796079e+05 2.599828026339079975e-22 6.262107693992160495e-01
2.000304612726581690e+05 2.612012514458286118e-22 6.261609269533290334e-01
2.195358928573004669e+05 2.632962145994432068e-22 6.261837256036711929e-01
2.408611549785897369e+05 2.584372118412919206e-22 6.260988936985312225e-01
2.642364044369400362e+05 2.359194198763066434e-22 6.260699145655982401e-01
2.898815818187791738e+05 1.966102186988679845e-22 6.260820820230501571e-01
3.180262312300532358e+05 1.509814430074003831e-22 6.260906563378062506e-01
3.488618339118506992e+05 1.196560912954022165e-22 6.260965724340739058e-01
3.827474838634639746e+05 1.041137444783885161e-22 6.261006300728035878e-01
4.198937349636805593e+05 9.658466426364503325e-23 6.261034428831531162e-01
4.606099837979543372e+05 9.321173267280714198e-23 6.261057344298935901e-01
5.052771623981911107e+05 9.114978982820913092e-23 6.261076842014611232e-01
5.542773729943730868e+05 8.712010058296078861e-23 6.261085814747557876e-01
6.080316972160534933e+05 8.153287634351574403e-23 6.261099658060177431e-01
6.670001026773056947e+05 7.701324572825647925e-23 6.261109431384250801e-01
7.316874411201876355e+05 7.456266536932170480e-23 6.261113589929279133e-01
8.026484000997777330e+05 7.445745303436919094e-23 6.261115711719852372e-01
8.804936005526002264e+05 7.560577465734595856e-23 6.261122505489724599e-01
9.658870823619827861e+05 7.566623225410493452e-23 6.261123865121889231e-01
1.059563577710983809e+06 7.420751248242805352e-23 6.261129074931148786e-01
1.162326012473236769e+06 7.153501510155379932e-23 6.261132649678828876e-01
1.275054777700977633e+06 6.808922176511739879e-23 6.261132649678827766e-01
1.398715427252722904e+06 6.385195321938532752e-23 6.261132649678827766e-01
1.534370613946760772e+06 5.871018566931459452e-23 6.261132773905133675e-01
1.683181468438949203e+06 5.232771735693138557e-23 6.261132807818411417e-01
1.846425038189547835e+06 4.522632974408059505e-23 6.261132972815930398e-01
2.025502136277667014e+06 3.821243823689015917e-23 6.261133258780888777e-01
2.221947503896245733e+06 3.217449247232700956e-23 6.261134461440124310e-01
2.437447304170437157e+06 2.769098813483398648e-23 6.261140868389903913e-01
2.673845802956470288e+06 2.416028897098726708e-23 6.261142612472682112e-01
2.933170801240952685e+06 2.125701021084624373e-23 6.261142612472681002e-01
3.217646572407791391e+06 1.884372337475235302e-23 6.261142612472682112e-01
3.529712008753030095e+06 1.696571546903272403e-23 6.261142612472679891e-01
3.872040080281636678e+06 1.561242050795319334e-23 6.261142612472681002e-01
4.247571552536902018e+06 1.469468446321014433e-23 6.261142612472679891e-01
4.659525668664677069e+06 1.408063805838919911e-23 6.261142612472681002e-01
5.111433483440165408e+06 1.367871979660022644e-23 6.261142612472681002e-01
5.607169938205458224e+06 1.344134938895620100e-23 6.261142612472679891e-01
6.150985788580504246e+06 1.319340020068162683e-23 6.261142612472681002e-01
6.747544053110701032e+06 1.304131616301667049e-23 6.261142612472681002e-01
7.401959996915637515e+06 1.299396226578669627e-23 6.261142612472682112e-01
8.119844993184005842e+06 1.306533341324064357e-23 6.261142612472678781e-01
8.907354638610439375e+06 1.328214266538282193e-23 6.261142612472679891e-01
9.771241535346500576e+06 1.328153247224162328e-23 6.261142612472681002e-01
1.071891319205128960e+07 1.325793100101695659e-23 6.261142612472682112e-01
1.175849554052158259e+07 1.310681015480676832e-23 6.261142612472681002e-01
1.289890261253308132e+07 1.282773939577313827e-23 6.261142612472679891e-01
1.414991297434575856e+07 1.250037776146945361e-23 6.261142612472682112e-01
1.552225357427047938e+07 1.198922549765701668e-23 6.261142612472682112e-01
1.702769172225901112e+07 1.145799323241394712e-23 6.261142612472682112e-01
1.867913599020784348e+07 1.102930164785965543e-23 6.261142612472681002e-01
2.049074689815845713e+07 1.073087302953035415e-23 6.261142612472682112e-01
2.247805833548725024e+07 1.054165086439285176e-23 6.261142612472681002e-01
2.465811075822602957e+07 1.046170010047119951e-23 6.261142612472679891e-01
2.704959730463137105e+07 1.047209798540382393e-23 6.261142612472681002e-01
2.967302408188872412e+07 1.055545872217526859e-23 6.261142612472681002e-01
3.255088599835056067e+07 1.071118326714836096e-23 6.261142612472681002e-01
3.570785964900461584e+07 1.094517075928612698e-23 6.261142612472679891e-01
3.917101490809259564e+07 1.122841497173074866e-23 6.261142612472681002e-01
4.297004704320842028e+07 1.155358728260198937e-23 6.261142612472681002e-01
4.713753134116729349e+07 1.191265782723138291e-23 6.261142612472681002e-01
5.170920242896755785e+07 1.230210031055251080e-23 6.261142612472682112e-01
5.672426068491976708e+07 1.272307842196639778e-23 6.261142612472682112e-01
6.222570836730232835e+07 1.320680624018151048e-23 6.261142612472681002e-01
6.826071834272392094e+07 1.371093201843016554e-23 6.261142612472681002e-01
7.488103857590031624e+07 1.423236191779517157e-23 6.261142612472682112e-01
8.214343584919421375e+07 1.476816952344998580e-23 6.261142612472679891e-01
9.011018251665014029e+07 1.531587564959056389e-23 6.261142612472679891e-01
9.884959046625587344e+07 1.587133773877029411e-23 6.261142612472682112e-01
1.084365968689608276e+08 1.648526065909106315e-23 6.261142612472681002e-01
1.189534067370320559e+08 1.712313769004682977e-23 6.261142612472681002e-01
1.304901978014402092e+08 1.778018186544655280e-23 6.261142612472682112e-01
1.431458937523482144e+08 1.845855298161891110e-23 6.261142612472682112e-01
1.570290124729377329e+08 1.915829739245497969e-23 6.261142612472681002e-01
1.722585965398783982e+08 1.997569896016624468e-23 6.261142612472682112e-01
1.889652339691211581e+08 2.074517355301696928e-23 6.261142612472681002e-01
2.072921779595369399e+08 2.154178099254811609e-23 6.261142612472678781e-01
2.273965752357932925e+08 2.244288411052182995e-23 6.261142612472683222e-01
2.494508135230317116e+08 2.338430565740049391e-23 6.261142612472681002e-01
2.736439997074665427e+08 2.436609687007651518e-23 6.261142612472679891e-01
3.001835813575591445e+08 2.539153116288331058e-23 6.261142612472679891e-01
3.292971255097147226e+08 2.650383311438617027e-23 6.261142612472679891e-01
3.612342699709436893e+08 2.772332746630361504e-23 6.261142612472681002e-01
3.962688638701478243e+08 2.900157717243911511e-23 6.261142612472681002e-01
4.347013158125016093e+08 3.033942920340544678e-23 6.261142612472681002e-01
4.768611697714474797e+08 3.174092062537065271e-23 6.261142612472682112e-01
5.231099308056259751e+08 3.320886815127770680e-23 6.261142612472682112e-01
5.738441648302406073e+08 3.477367108749567934e-23 6.261142612472682112e-01
6.294988990221887827e+08 3.651643693847867119e-23 6.261142612472681002e-01
6.905513520162316561e+08 3.835385303616133172e-23 6.261142612472682112e-01
7.575250258771920204e+08 4.029282246659944756e-23 6.261142612472681002e-01
8.309941949353419542e+08 4.234089165403780664e-23 6.261142612472681002e-01
9.115888299750835896e+08 4.450671775002572346e-23 6.261142612472681002e-01
1.000000000000000238e+09 4.680023250698842791e-23 6.261142612472681002e-01
